
Base Config
Cache size = 256
BRT = 0.008
RF = 0.8
Num Tasks = 0

Constant Values Banchmark
NUM_TASKS = 2 util is 0.500000 sched = 1
NUM_TASKS = 2 util is 0.600000 sched = 1
NUM_TASKS = 4 util is 0.500000 sched = 1
NUM_TASKS = 4 util is 0.600000 sched = 1
NUM_TASKS = 6 util is 0.500000 sched = 1
NUM_TASKS = 6 util is 0.600000 sched = 0
NUM_TASKS = 8 util is 0.500000 sched = 1
NUM_TASKS = 8 util is 0.600000 sched = 1
